Trial,Segment,StartTime,Duration,StartVerticalPosition,VerticalSize,PeakVerticalVelocity,PeakVerticalAcceleration,StartHorizontalPosition,HorizontalSize,StraightnessError,Slant,LoopSurface,RelativeInitialSlant,RelativeTimeToPeakVerticalVelocity,RelativePenDownDuration,RelativeDurationofPrimary,RelativeSizeofPrimary,FrequencyofSecondary,AbsoluteSize,AverageAbsoluteVelocity,Roadlength,AbsoluteyJerk,NormalizedyJerk,AverageNormalizedyJerkPerTrial,AbsoluteJerk,NormalizedJerk,AverageNormalizedJerkPerTrial,Score,NumberOfPeakAccelerationPoints,AveragePenPressure,TrialSeq,NumOfStrokes
1,1,0.04,0.0612,7.9084,0.026,0.6721,22.0367,0.9208,-0.0413,0.0732,2.5358,0,0,0.5855,1,0,0,0,0.0489,0.8852,0.0542,370.7714,4.9711,38.0475,477.9057,6.4074,53.8354,3,1,558.428571,1,7
1,2,0.1012,0.5538,7.9345,-1.0915,-3.2502,-60.8866,0.8795,-0.0379,0.1041,-1.1669,0,-1.4834,0.2726,1,0,0,0,1.0922,2.9765,1.6485,604.4389,89.3249,38.0475,992.5483,146.6803,53.8354,3,8,622.709091,1,7
1,3,0.655,0.213,6.8425,1.2186,9.1497,202.0316,0.8416,-0.1027,0.0406,1.5807,-0.152,0.4632,0.3412,0.1429,0,0,0,1.2229,6.2217,1.3249,2357.2356,28.5232,38.0475,2551.5794,30.8748,53.8354,3,4,47.904762,1,7
1,4,0.868,0.078,8.0608,-0.1095,-2.4193,-221.1968,0.7389,-0.0777,0.1035,-2.1121,-0.0014,0,0.3626,0,0,0,0,0.1343,2.164,0.1687,1156.1059,10.3345,38.0475,1442.639,12.8958,53.8354,3,1,0,1,7
1,5,0.9459,0.2362,7.9515,0.2089,1.6151,13.7877,0.6612,-0.0705,0.0572,1.6461,0,0.2443,0.583,0,0,0,0,0.2205,1.157,0.2733,351.2748,30.5563,38.0475,542.4648,47.1873,53.8354,3,2,0,1,7
1,6,1.1822,0.2505,8.1605,-0.2497,-2.9762,-84.522,0.5907,0.1258,0.0727,-1.0937,0,-0.7959,0.8222,0.52,0,0,0,0.2796,1.4782,0.3703,1018.3241,80.8855,38.0475,1131.1672,89.8486,53.8354,3,2,202.88,1,7
1,7,1.4327,0.2173,7.9108,0.3173,3.1189,98.4603,0.7165,0.3076,0.0767,0.8273,0,-0.3005,0.2219,1,0,0,0,0.4419,2.5366,0.5513,617.0182,21.7372,38.0475,1219.239,42.9531,53.8354,3,2,557.285714,1,7
2,1,0.01,0.2173,5.4198,-0.3764,-3.0377,-74.0624,1.1503,-0.2332,0.1736,-2.5061,0,-0.283,0.266,1,0,0,0,0.4428,3.9846,0.866,829.4379,29.1661,66.5043,1743.4441,61.3059,95.613,2.5,4,633.181818,2,12
2,2,0.2273,0.4168,5.0435,0.4392,3.4398,49.9673,0.9171,0.3004,0.086,1.1286,0,-0.6749,0.223,1,0,0,0,0.5321,1.5645,0.652,532.3947,79.3362,66.5043,736.3668,109.7316,95.613,2.5,6,738.5,2,12
2,3,0.6441,0.1756,5.4828,-0.2407,-2.2638,-43.4488,1.2175,0.3494,0.0232,-0.6541,0.0003,-0.1782,0.4777,1,0,0,0,0.4243,2.4835,0.436,326.887,7.0367,66.5043,463.1936,9.9709,95.613,2.5,2,767.647059,2,12
2,4,0.8197,0.4326,5.242,0.7766,3.3942,86.2516,1.5669,0.0342,0.1876,2.386,0,-1.6137,0.2923,0.8409,0,0,0,0.7774,4.0964,1.7722,1084.507,121.4405,66.5043,2172.5734,243.2795,95.613,2.5,3,652.431818,2,12
2,5,1.2523,0.2014,6.0186,-0.2893,-2.741,-55.9844,1.6011,-0.2925,0.0732,-2.4745,-0.0802,0.749,0.3153,0,0,0,0,0.4114,2.9131,0.5867,615.8037,19.2626,66.5043,817.3385,25.5667,95.613,2.5,3,0,2,12
2,6,1.4537,0.5624,5.7292,0.501,2.4138,67.5209,1.3086,-0.4429,0.0443,2.3197,0,-0.0677,0.7514,0,0,0,0,0.6687,1.4133,0.7949,1317.1277,330.4359,66.5043,1506.9594,378.0601,95.613,2.5,7,0,2,12
2,7,2.0161,0.1821,6.2306,-0.3712,-4.4445,-147.3357,0.8658,0.2715,0.0371,-0.8176,-0.0034,-0.1512,0.2374,0,0,0,0,0.4598,3.1236,0.5689,1274.4605,27.7383,66.5043,1527.2474,33.2401,95.613,2.5,3,0,2,12
2,8,2.1982,0.4988,5.8595,0.2093,1.4049,42.8954,1.1372,-0.3417,0.0394,2.4248,0,0.243,0.1066,0,0,0,0,0.4007,0.9785,0.4881,347.538,107.7839,66.5043,580.9819,180.1831,95.613,2.5,6,0,2,12
2,9,2.6971,0.2553,6.0688,-0.1107,-1.2981,-31.8688,0.7955,0.1652,0.0698,-0.5116,0.0095,0.6596,0.3811,0,0,0,0,0.1988,1.063,0.2714,338.7296,39.6884,66.5043,432.2913,50.6509,95.613,2.5,4,0,2,12
2,10,2.9524,0.0551,5.9581,0.0184,0.5312,22.4606,0.9607,0.0224,0.0263,0.8044,0,0,0.579,0,0,0,0,0.029,0.552,0.0304,336.9216,5.8557,66.5043,374.5047,6.5089,95.613,2.5,0,0,2,12
2,11,3.0075,0.2078,5.9766,-0.3572,-3.0073,-52.1546,0.9831,0.2513,0.0225,-0.9156,0,-0.2067,0.6755,0,0,0,0,0.4367,2.1715,0.4512,586.6888,18.6926,66.5043,756.848,24.114,95.613,2.5,4,0,2,12
2,12,3.2153,0.2736,5.6195,0.2421,1.3707,21.2805,1.2344,-0.3337,0.0224,2.4916,0,-0.0853,0.3453,0,0,0,0,0.4123,1.5568,0.4259,173.0167,11.615,66.5043,368.5867,24.7441,95.613,2.5,2,0,2,12
3,1,0.0047,0.1537,2.0561,-0.4312,-5.1132,-119.9535,1.3486,-0.2045,0.0984,-2.1457,0,-0.3241,0.4199,1,0,0,0,0.4772,4.3614,0.6704,978.4668,13.4305,32.7683,1636.733,22.4658,59.2687,3,1,588,3,8
3,2,0.1584,0.3968,1.6249,0.452,2.3781,69.3549,1.1441,0.3726,0.1743,1.91,0.1282,-1.6314,0.3677,0.9,0,0,0,0.5858,2.8887,1.1463,724.2405,86.7271,32.7683,1496.0072,179.1454,59.2687,3,5,611.7,3,8
3,3,0.5552,0.1931,2.0769,-0.3281,-2.9281,-59.6277,1.5167,-0.3714,0.1425,-2.6576,0,-0.8842,0.5148,0,0,0,0,0.4956,5.3554,1.0342,411.569,9.6233,32.7683,1188.576,27.7912,59.2687,3,2,0,3,8
3,4,0.7483,0.1108,1.7489,0.0501,0.803,15.5644,1.1453,-0.0913,0.1059,2.4784,-0.0901,0.3567,0.6757,0,0,0,0,0.1042,1.1609,0.1286,263.4861,7.299,32.7683,648.3605,17.9606,59.2687,3,0,0,3,8
3,5,0.8591,0.0875,1.799,-0.0533,-1.1012,-45.6909,1.054,-0.1184,0.0223,-2.6946,0,-0.0096,0.4003,0.2222,0,0,0,0.1298,1.5068,0.1319,395.5275,4.8835,32.7683,666.6704,8.2313,59.2687,3,1,68,3,8
3,6,0.9466,0.3828,1.7458,0.1305,0.9109,22.4529,0.9356,0.6743,0.0115,0.2029,-0.0002,-1.3398,0.4006,1,0,0,0,0.6868,1.8512,0.7087,242.7239,22.6605,32.7683,580.6513,54.2091,59.2687,3,4,700.342105,3,8
3,7,1.3294,0.337,1.8763,-0.2575,-1.4341,-13.0642,1.6099,0.3394,0.0869,-0.6766,0,0.5775,0.6621,1,0,0,0,0.4261,1.5227,0.5131,171.0223,18.7133,32.7683,386.5725,42.2988,59.2687,3,4,731.794118,3,8
3,8,1.6664,0.4431,1.6188,0.6182,2.9176,47.9936,1.9494,0.0049,0.052,1.333,-0.0108,0.954,0.2114,1,0,0,0,0.6182,1.7485,0.7747,661.1283,98.8095,32.7683,816.6097,122.0471,59.2687,3,7,699.863636,3,8
1,1,0.02,0.0605,8.5082,0.0291,0.746,25.7937,0.6664,-0.0803,0.023,2.776,0,0,0.5565,1,0,0,0,0.0854,1.4282,0.0865,379.5751,2.8334,28.9082,536.3348,4.0036,43.2676,3.5,1,514.714286,1,5
1,2,0.0805,0.4524,8.5373,-1.024,-3.414,-52.5618,0.5861,-0.0393,0.0724,-1.3286,0,-1.0684,0.3526,1,0,0,0,1.0248,2.8772,1.3015,307.6642,29.2185,28.9082,606.534,57.6018,43.2676,3.5,4,591.288889,1,5
1,3,0.5329,0.4144,7.5132,1.1888,7.5454,133.5516,0.5468,-0.0551,0.0405,1.4872,-0.1458,0.6999,0.2173,0.122,0,0,0,1.19,3.2437,1.3441,1230.0524,80.787,28.9082,1569.0729,103.0531,43.2676,3.5,6,63.804878,1,5
1,4,0.9473,0.2447,8.7019,-0.1544,-1.5761,-24.2534,0.4916,0.2076,0.0647,-0.7178,0.0005,1.1083,0.7392,0.84,0,0,0,0.2587,1.2889,0.3154,273.1566,22.1244,28.9082,466.639,37.7956,43.2676,3.5,3,410.48,1,5
1,5,1.192,0.198,8.5475,0.2246,1.9185,47.4437,0.6992,0.2484,0.0549,0.837,0,-0.3029,0.3174,1,0,0,0,0.3349,1.9115,0.3784,260.1498,9.5776,28.9082,377.1255,13.8841,43.2676,3.5,1,610.421053,1,5