Trial,Segment,StartTime,Duration,StartVerticalPosition,VerticalSize,PeakVerticalVelocity,PeakVerticalAcceleration,StartHorizontalPosition,HorizontalSize,StraightnessError,Slant,LoopSurface,RelativeInitialSlant,RelativeTimeToPeakVerticalVelocity,RelativePenDownDuration,RelativeDurationofPrimary,RelativeSizeofPrimary,FrequencyofSecondary,AbsoluteSize,AverageAbsoluteVelocity,Roadlength,AbsoluteyJerk,NormalizedyJerk,AverageNormalizedyJerkPerTrial,AbsoluteJerk,NormalizedJerk,AverageNormalizedJerkPerTrial,Score,NumberOfPeakAccelerationPoints,AveragePenPressure,TrialSeq,NumOfStrokes
1,1,0,0.108,14.0547,0.1269,1.8004,39.2578,20.7715,-0.4961,0.0171,2.8509,0,-0.0811,0.5199,1,0,0,0,0.5121,4.7809,0.5165,386.0301,2.0447,42.8716,669.4464,3.5458,69.8848,3,1,1300.227273,1,4
1,2,0.108,0.7177,14.1816,-4.0348,-9.1779,-84.2809,20.2754,0.7124,0.142,-1.3775,0,-1.5166,0.2152,1,0,0,0,4.0972,8.8707,6.3669,831.315,62.6161,42.8716,1512.5847,113.9305,69.8848,3,10,2320.291667,1,4
1,3,0.8258,0.8601,10.1468,4.7221,10.8992,89.1666,20.9878,0.8794,0.1562,1.4742,0,-1.4161,0.3907,1,0,0,0,4.8032,8.7491,7.5247,919.7752,92.8843,42.8716,1292.0681,130.4806,69.8848,3,12,4165.261628,1,4
1,4,1.6858,0.3742,14.8688,-1.0319,-5.0851,-33.2741,21.8672,-2.3967,0.0176,-2.7096,19.0495,-0.2622,0.7906,1,0,0,0,2.6094,7.0479,2.6371,600.7389,13.9415,42.8716,1360.8874,31.5824,69.8848,3,5,3848.702703,1,4
2,1,0.005,0.1532,23.5779,0.1109,1.0583,19.4387,17.9599,-0.3312,0.0338,2.7413,0,-0.3379,0.7258,1,0,0,0,0.3493,2.3526,0.3605,308.7455,5.7445,113.4704,618.2415,11.503,215.408,2.5,1,1798.774194,2,16
2,2,0.1582,1.0363,23.6889,-6.0798,-12.8155,-133.6359,17.6287,0.4783,0.1529,-1.4757,0,-1.4171,0.2403,1,0,0,0,6.0986,9.2449,9.5805,1607.9699,203.8229,113.4704,2529.1818,320.5938,215.408,2.5,11,3807.89372,2,16
2,3,1.1945,0.6095,17.6091,3.8642,12.3682,72.8851,18.107,2.7428,0.0702,1.0619,0,-0.9455,0.4532,1,0,0,0,4.7387,8.7779,5.3504,942.9537,40.8144,113.4704,1211.1268,52.4219,215.408,2.5,8,4944.516393,2,16
2,4,1.8041,0.5908,21.4733,-2.099,-9.1536,-106.9471,20.8498,-0.3305,0.0382,-1.7063,0.0396,-0.9096,0.6621,0.0508,0,0,0,2.1248,4.0239,2.3775,2344.4321,209.355,113.4704,3687.9575,329.3303,215.408,2.5,12,122.754237,2,16
2,5,2.3949,0.728,19.3743,4.5092,12.1397,94.9649,20.5193,-2.9031,0.0265,2.2127,0.0092,-0.936,0.3362,0,0,0,0,5.3629,7.686,5.5957,1730.8549,103.2128,113.4704,3225.8459,192.3608,215.408,2.5,9,0,2,16
2,6,3.123,0.4173,23.8834,-0.814,-5.4948,-65.8158,17.6163,0.4889,0.0453,-0.8959,0,-0.387,0.4957,0.4881,0,0,0,0.9495,2.6978,1.1258,873.508,73.1796,113.4704,1125.9393,94.3275,215.408,2.5,5,640.166667,2,16
2,7,3.5403,0.3599,23.0694,0.2189,2.1988,63.7602,18.1051,-0.225,0.0911,2.8399,-0.1896,-0.1184,0.1377,0.5417,0,0,0,0.3139,2.7563,0.9919,536.0543,93.8242,113.4704,1661.0296,290.7256,215.408,2.5,7,1150.972222,2,16
2,8,3.9001,1.3292,23.2883,-4.164,-5.983,-70.8362,17.8802,2.3179,0.0497,-1.1765,0,1.1069,0.315,0.9736,0,0,0,4.7656,3.9821,5.2929,967.69,292.4478,113.4704,1681.7133,508.2344,215.408,2.5,20,3792.441509,2,16
2,9,5.2293,0.8598,19.1242,2.4106,7.1476,165.3564,20.198,6.074,0.0266,0.3393,0,0.3117,0.0765,0,0,0,0,6.5349,8.4042,7.226,1864.6474,138.3051,113.4704,5644.6969,418.6798,215.408,2.5,12,0,2,16
2,10,6.0891,0.7873,21.5349,-3.1609,-9.1301,-79.0618,26.2721,-2.4752,0.0367,-2.2004,0.0271,-0.708,0.261,0.0759,0,0,0,4.0147,5.5017,4.3315,1353.8485,131.1504,113.4704,2188.5888,212.0136,215.408,2.5,10,115.14557,2,16
2,11,6.8764,0.9239,18.374,5.0894,12.0233,87.218,23.7969,3.8352,0.0159,0.9379,0.2146,-0.1846,0.2367,1,0,0,0,6.3727,6.9564,6.4268,1365.1193,124.2693,113.4704,1775.7605,161.6507,215.408,2.5,13,4517.983784,2,16
2,12,7.8003,1.5542,23.4634,-6.6924,-12.499,-156.5712,27.6321,0.7855,0.0682,-1.2349,0,0.2168,0.1635,1,0,0,0,6.7383,6.0639,9.4244,1141.5463,360.7227,113.4704,2239.1694,707.5658,215.408,2.5,17,4810.822581,2,16
2,13,9.3545,0.2694,16.771,0.1734,1.0695,11.7718,28.4175,-1.6935,0.0074,3.0234,0,0.0672,0.5988,1,0,0,0,1.7024,6.3308,1.7054,84.6203,1.3239,113.4704,595.8389,9.3217,215.408,2.5,2,4927.222222,2,16
2,14,9.6238,0.0616,16.9445,-0.0099,-0.2441,-14.7863,26.724,-0.3406,0.0012,-3.108,0,0,0.5204,1,0,0,0,0.3408,5.532,0.3409,118.9212,0.2326,113.4704,414.7468,0.8114,215.408,2.5,1,4439.615385,2,16
2,15,9.6855,0.4415,16.9346,0.201,0.953,17.6204,26.3834,-1.2342,0.0067,2.9563,0,0.0304,0.2357,1,0,0,0,1.2505,2.8378,1.2529,107.8577,7.9,113.4704,429.6983,31.4731,215.408,2.5,5,4467,2,16
2,16,10.127,0.528,17.1356,-0.1579,-1.1004,-19.9857,25.1492,-1.0956,0.0183,-3.0072,0,-0.1088,0.8007,1,0,0,0,1.107,2.1132,1.1158,225.7935,29.2208,113.4704,815.3218,105.514,215.408,2.5,8,4453.47619,2,16