Trial,Segment,StartTime,Duration,StartVerticalPosition,VerticalSize,PeakVerticalVelocity,PeakVerticalAcceleration,StartHorizontalPosition,HorizontalSize,StraightnessError,Slant,LoopSurface,RelativeInitialSlant,RelativeTimeToPeakVerticalVelocity,RelativePenDownDuration,RelativeDurationofPrimary,RelativeSizeofPrimary,FrequencyofSecondary,AbsoluteSize,AverageAbsoluteVelocity,Roadlength,AbsoluteyJerk,NormalizedyJerk,AverageNormalizedyJerkPerTrial,AbsoluteJerk,NormalizedJerk,AverageNormalizedJerkPerTrial,Score,NumberOfPeakAccelerationPoints,AveragePenPressure,TrialSeq,NumOfStrokes
1,1,0.01,0.2919,16.7628,0.0935,0.5683,17.0032,22.3549,-0.2656,0.0326,2.8057,0,-0.6743,0.1508,1,0,0,0,0.2816,1.0038,0.293,150.7844,17.4323,569.4903,172.0727,19.8935,741.5356,3,4,1819.830508,1,15
1,2,0.3019,1.7448,16.8563,-3.1287,-3.1519,-34.7176,22.0893,0.2905,0.1442,-1.5785,0,1.634,0.4611,1,0,0,0,3.1421,2.7169,4.7405,718.5086,650.2437,569.4903,946.5786,856.645,741.5356,3,25,2162.232092,1,15
1,3,2.0467,1.9627,13.7276,3.3948,2.962,33.7858,22.3799,0.4205,0.1437,1.5982,0,-1.4469,0.4316,1,0,0,0,3.4208,2.6511,5.2034,711.9258,794.2382,569.4903,1230.1781,1372.4104,741.5356,3,31,3619.543367,1,15
1,4,4.0095,0.588,17.1225,-0.1574,-0.565,-13.0008,22.8003,-0.7488,0.0079,-2.9349,0,-0.0699,0.7525,1,0,0,0,0.7652,1.3088,0.7696,461.2537,113.0218,569.4903,923.2988,226.2375,741.5356,3,7,3719.033898,1,15
1,5,4.5975,0.1311,16.965,0.55,6.6112,129.7425,22.0515,3.9114,0.013,0.1523,0,0.1536,0.7331,0.0769,0,0,0,3.9499,30.432,3.989,2210.7143,2.4619,569.4903,17558.1537,19.5528,741.5356,3,2,86.576923,1,15
1,6,4.7286,0.1555,17.515,-0.7871,-7.7598,-364.7211,25.963,0.3683,0.1477,-1.8926,0,-0.6335,0.2139,0,0,0,0,0.869,10.7285,1.6683,3128.3969,24.272,569.4903,15756.5187,122.2485,741.5356,3,3,0,1,15
1,7,4.8841,0.0719,16.7279,0.2254,5.0587,240.4722,26.3313,0.5073,0.0159,0.4704,0,0,0.4609,0,0,0,0,0.5551,7.8271,0.5624,1886.5472,3.326,569.4903,2378.8862,4.194,741.5356,3,1,0,1,15
1,8,4.9559,0.2414,16.9533,-0.7064,-6.6472,-212.1892,26.8386,0.1808,0.0229,-1.412,0,-0.0109,0.2635,0,0,0,0,0.7292,3.2105,0.7749,1031.6053,28.6328,569.4903,1323.8277,36.7437,741.5356,3,2,0,1,15
1,9,5.1973,1.3185,16.2469,0.7375,2.6718,87.8854,27.0193,0.5297,0.0779,1.2296,0,-1.1763,0.3756,0.1742,0,0,0,0.908,0.996,1.3132,2505.6134,3894.7041,569.4903,2732.5595,4247.4672,741.5356,3,21,313.287879,1,15
1,10,6.5158,2.2505,16.9844,-3.1717,-3.7992,-44.4232,27.5491,-1.5482,0.013,-2.0466,-0.0221,0.3885,0.1814,1,0,0,0,3.5294,1.6089,3.6207,1034.0911,1574.1014,569.4903,1415.605,2154.8448,741.5356,3,39,4422.857778,1,15
1,11,8.7663,0.8657,13.8126,0.244,1.6021,34.607,26.0009,2.9679,0.0072,0.0727,0,0.114,0.0789,1,0,0,0,2.9779,3.447,2.9841,359.801,59.5745,569.4903,1734.0606,287.1191,741.5356,3,14,4977,1,15
1,12,9.632,0.4961,14.0566,-0.0158,-0.2545,-13.5402,28.9687,0.9643,0.0012,-0.0141,0,0.0067,0.9703,0.9899,0,0,0,0.9645,1.9534,0.969,344.6189,43.7898,569.4903,612.1177,77.7801,741.5356,3,6,4786.212121,1,15
1,13,10.128,0.2085,14.0408,0.462,4.0061,83.915,29.933,-0.0124,0.0669,1.4816,0,0.0355,0.3318,0,0,0,0,0.4621,2.4962,0.5204,812.1888,24.6665,569.4903,1343.7617,40.8106,741.5356,3,5,0,1,15
1,14,10.3365,0.8157,14.5028,-0.4885,-3.2699,-52.1331,29.9206,0.0662,0.0285,-1.3879,0.0243,-0.4751,0.1991,0.2945,0,0,0,0.493,0.7869,0.6419,1062.2135,915.581,569.4903,1291.6296,1113.3275,741.5356,3,9,664.730061,1,15
1,15,11.1522,1.5576,14.0142,2.8959,3.5139,35.9286,29.9868,-2.6204,0.0123,2.2899,0.0004,-0.1359,0.4936,1,0,0,0,3.9055,2.5207,3.9263,722.8646,396.3082,569.4903,991.8133,543.7584,741.5356,3,22,4817.488746,1,15
2,1,0.26,0.9797,22.3261,-2.157,-3.95,-34.361,28.6603,0.1528,0.1424,-1.6908,0,-1.3149,0.6675,1,0,0,0,2.1624,3.4057,3.3364,496.3781,154.1823,229.2503,806.2809,250.4427,323.5611,3.5,12,2509.663265,2,14
2,2,1.2397,1.0093,20.1691,2.2547,4.6053,45.9358,28.8131,0.1398,0.1562,1.6297,0,-1.5093,0.5185,1,0,0,0,2.2591,3.7268,3.7613,500.0023,160.1578,229.2503,805.9313,258.1512,323.5611,3.5,11,3936.678218,2,14
2,3,2.2489,0.1627,22.4238,-0.0267,-0.6565,-29.0906,28.9529,-0.2917,0.0112,-3.0696,0,-0.0316,0.911,1,0,0,0,0.293,1.8142,0.2952,912.6152,23.5236,229.2503,1894.422,48.8307,323.5611,3.5,2,3905.727273,2,14
2,4,2.4116,0.1996,22.397,1.279,11.538,272.8996,28.6612,3.4684,0.0118,0.3366,0,0.1137,0.3204,0.075,0,0,0,3.6967,18.6301,3.7182,2102.0246,7.1546,229.2503,5092.0564,17.3317,323.5611,3.5,3,123.35,2,14
2,5,2.6112,0.2874,23.676,-1.4466,-7.4843,-156.0672,32.1296,-0.4703,0.0647,-1.834,0,-0.6471,0.4967,0,0,0,0,1.5211,5.8407,1.6785,1340.2486,27.5852,229.2503,2336.2905,48.0858,323.5611,3.5,6,0,2,14
2,6,2.8986,0.156,22.2294,0.1538,2.3711,51.0895,31.6593,0.1941,0.0148,0.6948,0,-0.027,0.3512,0,0,0,0,0.2476,1.6748,0.2613,738.9207,20.2944,229.2503,915.1877,25.1356,323.5611,3.5,2,0,2,14
2,7,3.0546,0.2256,22.3832,-0.5065,-4.6771,-68.1854,31.8534,-0.3542,0.075,-2.2133,0,0.8345,0.4789,0,0,0,0,0.618,3.0639,0.6911,947.2482,26.193,229.2503,1322.0746,36.5576,323.5611,3.5,3,0,2,14
2,8,3.2802,0.1275,21.8767,0.0518,1.6071,61.3923,31.4992,-0.0341,0.0336,2.0899,0,0.2852,0.825,0,0,0,0,0.0621,0.653,0.0832,1141.1769,75.4011,229.2503,1193.0428,78.828,323.5611,3.5,2,0,2,14
2,9,3.4077,0.8582,21.9286,-1.162,-7.3447,-165.5312,31.4651,-0.5166,0.0427,-1.961,0,-0.0441,0.1141,0.4128,0,0,0,1.2716,1.6317,1.4003,1148.4897,435.6739,229.2503,1589.8693,603.1091,323.5611,3.5,10,965.017442,2,14
2,10,4.2658,0.8407,20.7666,2.0501,8.1153,96.1219,30.9485,1.4507,0.0062,0.9661,0.0007,-0.1486,0.1432,0.9881,0,0,0,2.5115,3.0006,2.5227,1122.9934,204.9157,229.2503,1313.4215,239.6637,323.5611,3.5,13,4489.327381,2,14
2,11,5.1066,1.4886,22.8168,-2.1818,-10.3235,-133.5697,32.3991,-0.2058,0.1174,-2.1568,-0.0473,0.3182,0.072,0.4564,0,0,0,2.1915,2.5732,3.8306,2103.9439,1835.465,229.2503,2802.524,2444.901,323.5611,3.5,24,1609.120805,2,14
2,12,6.5952,0.464,20.635,0.007,0.1006,5.2985,32.1933,1.2379,0.0018,-0.0012,0,0.0232,0.9416,1,0,0,0,1.2379,2.6683,1.2381,76.0192,6.3685,229.2503,574.4646,48.1255,323.5611,3.5,7,4980.282609,2,14
2,13,7.0592,0.4719,20.642,-0.0105,-0.1188,-6.196,33.4312,0.1884,0.0039,-0.041,0,-0.0307,0.0663,1,0,0,0,0.1887,0.4154,0.196,139.7241,80.0918,229.2503,438.8369,251.5474,323.5611,3.5,6,4998,2,14
2,14,7.5311,0.8739,20.6315,2.1396,4.3841,34.6368,33.6196,-1.2751,0.0127,2.1289,0,-0.3703,0.4747,1,0,0,0,2.4907,2.8701,2.5082,752.3904,152.4973,229.2503,883.8676,179.1455,323.5611,3.5,14,4998,2,14